2 0.0006374004999543104
3 1.3849200036020192e-05
10 2.5114399954873078e-05
12 3.789800002778066e-05
15 0.00012633180001557774
20 4.033479997360701e-05
30 3.838529996755824e-05
40 6.343319998904917e-05
45 5.783439999049733e-05
50 8.009159998891846e-05
55 8.200730001135525e-05
60 0.00010962680005377479
75 0.0003165156000250136
100 0.00042228610000165644
125 0.0008272587999726966
160 0.0020423347000132707
200 0.002323379100016609
250 0.0054321793999861255
350 0.0074681233999626786
500 0.013675732199999402
600 0.023673297200025444
800 0.05434022490001098
1000 0.11037523509999118
2000 0.701624463999974
5000 9.885650582700032
10000 70.88454280340002
