2 1.622420002149738e-05
3 1.1382299953766051e-05
10 1.3620400045510905e-05
12 2.2827900011179736e-05
15 6.72550999752275e-05
20 2.2259200000007696e-05
30 2.4985400023069816e-05
40 3.973710001901054e-05
45 3.744220000498899e-05
50 4.659770002035657e-05
55 4.939120001381525e-05
60 7.19723000202066e-05
75 0.00014362130002609774
100 0.00021394670000063343
125 0.0003239407000137362
160 0.00045932409998385995
200 0.0006038023999963115
250 0.0022823858999799994
350 0.0023850122000339978
500 0.005049740300000849
600 0.007833474900030524
800 0.017610960099978
1000 0.03413524220004547
2000 0.21573301689995789
5000 2.9044370738000227
10000 19.20920797010003
