2 0.0031169559999852936 0.19697419099998115
4 0.00043039399997724104 0.004043855000190888
8 0.0006362680001075205 0.003813162999904307
15 0.0005391370000324969 0.004233295999938491
30 0.0016089399998691079 0.006997368000156712
60 0.002959506000024703 0.017508148999922923
125 0.0055029069999363855 0.03219415300009132
250 0.011387906999971165 0.059331474999908096
500 0.04062609600009637 0.19663389199990888
1000 0.16078412399997433 0.305680958000039
2000 0.5442862419999983 0.6499894630001108
4000 2.0690287120000903 1.780530866999925
8000 8.230820702999836 6.189387332000024
16000 32.724060780999935 54.49066221299995
