2 0.010044792000144298 0.2559662029998435
4 0.00045168299993747496 0.0022401979999813193
8 0.0009139230000982934 0.005368708000105471
15 0.0018488979999347066 0.007263071999886961
30 0.0008147349999489961 0.00917325799991886
60 0.0015145800000482268 0.01486282900009428
125 0.0031873549999090756 0.033756303000018306
250 0.010613005999857705 0.173890141000129
500 0.04843873699996948 0.1445057750001979
1000 0.15456136100010553 0.2696235789999264
2000 0.5603395409998484 0.633451869000055
4000 2.0929014740002003 1.818303012999877
8000 8.286755657999947 6.2009504749999
16000 32.93294416699996 54.354152371000055
