2 0.00016328299989254447 0.20174382200002583
4 1.865900003394927e-05 4.6657999973831465e-05
8 1.746499992805184e-05 2.0584000139933778e-05
15 4.033499999422929e-05 0.009690373000012187
30 0.00018461900003785559 0.00037540599987551104
60 0.0009667760000411363 0.001202854999974079
125 0.0038135569998303254 0.0008761200001572433
250 0.00888527699999031 0.00507130000005418
500 0.030990406999990228 0.013114648999817291
1000 0.12305145699997411 0.06400284300002568
2000 0.5659076340000411 0.33354051700007403
4000 2.072179236000011 2.3708239690001847
8000 8.219991570000047 15.062625213000047
16000 32.7000814999999 122.47428738899998
