2 0.002379312999892136 0.19524348799996005
4 0.0017411100000117585 0.003826855999932377
8 0.00082598400013012 0.003007786999887685
15 0.0007282420001502032 0.00398302300004616
30 0.0007570969999051158 0.008799584999906074
60 0.001717104999897856 0.011852653000005375
125 0.0036339790001420624 0.03395570599991515
250 0.010695701000031477 0.06319324299988693
500 0.03898231399989527 0.14096816899996156
1000 0.14790459100004227 0.2509933500000443
2000 0.7820305699999608 0.6492881400001806
4000 2.0661397999999735 1.7773523729999852
8000 8.202685812000027 6.174196381000002
16000 32.75927787499995 54.4313597150001
