2 0.01245474600000307 0.11716232700018736
4 3.696100020533777e-05 8.391299979848554e-05
8 3.0171000162226846e-05 4.841999998461688e-05
15 5.463299976327107e-05 0.0028158590002931305
30 0.0014544300001944066 0.0008688399998391105
60 0.0004898459997093596 0.001553852000142797
125 0.001965858999938064 0.0006548440001097333
250 0.006989840999722219 0.002080288000342989
500 0.029029877000084525 0.00843796699973609
1000 0.13426056300022537 0.0512863189997006
2000 0.5614264219998404 0.33820320399991033
4000 2.101894968999659 2.182354499000212
8000 8.211486628999864 15.08865042000025
16000 32.810193847999926 122.20181365400003
