2 0.00039336300005743396 0.025727119000066523
4 0.000405182000122295 0.0014661069999419851
8 0.0003587040000638808 0.002231534999964424
15 0.0004851369999414601 0.0031293869999444723
30 0.000673302999985026 0.005561887999874671
60 0.0017644849999669532 0.012248648999957368
125 0.0033861429999433312 0.025241917000130343
250 0.011139115000105448 0.09939697200002229
500 0.04054899400011891 0.11096255899997232
1000 0.1328899759998876 0.24612839700012046
2000 0.6393583890001082 0.6715255399999478
4000 2.143285988999878 1.7830708820001746
8000 8.219882898999913 6.824504913000055
16000 32.75818239499995 55.45785679800019
