2 0.012584016999880987 0.10304775700024038
4 4.107899985683616e-05 0.0019434320001892047
8 4.534899971986306e-05 5.167300014363718e-05
15 0.00022214699993128306 0.0029737340000792756
30 0.0002889410002353543 0.0002850920000128099
60 0.00046982100002423977 0.0007914709999568004
125 0.001920868000070186 0.0005947429999650922
250 0.0066348360001029505 0.002393792000020767
500 0.0328006629997617 0.008457426999939344
1000 0.14768383900036497 0.05765916799964543
2000 0.5665030720001596 0.3760873820001507
4000 2.126910300000418 2.173124637000001
8000 10.09923205899986 15.363145312000142
16000 32.86972317499976 123.1157750780003
