2 0.012284080999961589 0.10894665800014991
4 5.1063000228168676e-05 9.243299973604735e-05
8 3.990200002590427e-05 9.63140000749263e-05
15 7.009900036791805e-05 0.00010558099984336877
30 0.0002689259999897331 0.00022863300000608433
60 0.0011192289998689375 0.0008156919998327794
125 0.0016914379998524964 0.0005460560000756232
250 0.006326948000150878 0.0019206140000278538
500 0.03302637699971456 0.007957884000006743
1000 0.141843228000198 0.05236837199981892
2000 0.549297328999728 0.3395981200001188
4000 2.106898162000107 2.15313063900021
8000 8.154068341999846 15.44113894100019
16000 33.40962859199999 123.02928190300008
