2 0.06002255399999967 0.029137914000017417
4 5.325300000436073e-05 3.88939999993454e-05
8 1.5087999997831503e-05 1.3726000020142237e-05
15 0.0002705120000143779 2.0274999997127452e-05
30 0.00022077500000250438 0.00012142299999595707
60 0.0002876449999860142 0.00011457200000108969
125 0.0004080740000063088 8.498299999359915e-05
250 0.0013886560000173631 0.0004388639999888255
500 0.005372032000025229 0.003380829999997559
1000 0.024368339999995214 0.02516789899999594
2000 0.1137426519999849 0.2121298520000039
4000 0.3342600590000018 1.3785562270000185
8000 1.642441544999997 10.88171440299999
