2 0.07378835499991965 0.03856720099997801
4 3.3003999988068244e-05 3.4757999969770026e-05
8 4.465700010314322e-05 1.309699996454583e-05
15 0.00011469999992641533 1.3075000083517807e-05
30 0.0003020289999540182 0.00017303000004176283
60 0.0012063919999718564 0.00017932100001871731
125 0.003382735000059256 0.00013364699998419383
250 0.012423257000023114 0.0005206280000038532
500 0.056914355000003525 0.002858051999965028
1000 0.2515162010000722 0.024135913000009168
2000 1.0713773600000422 0.18192340100006277
4000 4.194573548000108 1.3979609479999908
8000 16.30439943099998 10.591785538999943
