2 0.0002165240000522317 0.00017466999997850507
4 1.6444000038973172e-05 0.000650790000008783
8 3.141199999845412e-05 4.1917999965335184e-05
15 0.00017709899998408218 3.707700000177283e-05
30 0.00021804000004976842 0.00010715200005506631
60 0.0008807049999859373 0.0017175919999772304
125 0.005567394000081549 0.0003636359999745764
250 0.015323264000016934 0.002805081000019527
500 0.05920404799996959 0.005933819999995649
1000 0.2680654629999708 0.027649538999980905
2000 1.054021048000095 0.21086106600000676
4000 4.166396640000016 1.4154731739999988
8000 16.30872760500006 10.953819462999945
