2 0.001541273000043475 0.03428489399999535
4 0.00037669599998935155 0.00025578899999345595
8 0.0002512290000140638 0.00022185699998544806
15 0.00032225299997890033 0.0002550930000211338
30 0.00036608099998147736 0.0002748040000142282
60 0.00041432200004010156 0.00028027499996596816
125 0.0010604370000351082 0.000573741999971844
250 0.002787405999981729 0.00036406899999974485
500 0.009717391000037878 0.0006839540000100897
1000 0.054289068999992196 0.001985912999998618
2000 0.35071128000004137 0.012070977999997012
4000 1.4756111799999871 0.07348865500000556
8000 7.185170915999947 0.8273823100000186
