2 0.0016980360000502515 0.04066552099999399
4 0.0003731319999928928 0.0002560450000146375
8 0.0002499650000231668 0.0002204620000156865
15 0.0003292960000180756 0.0002549929999986489
30 0.0003717520000350305 0.00027379599998766935
60 0.0007342239999843514 0.00029270999999653213
125 0.0011594499999887375 0.0005710240000098565
250 0.0025853839999854245 0.00036972000003743233
500 0.009652153000047292 0.000648718999968878
1000 0.07962515400004122 0.0021505889999957617
2000 0.27411120400000755 0.012372331999983999
4000 1.4815016670000318 0.095148915999971
8000 7.705813432000014 1.0380848300000025
