2 0.05084790000000794 0.024304518999997526
4 0.0001970129999904202 3.1804999991891236e-05
8 9.23299998589755e-06 6.906000010076241e-06
15 0.00012732299998674534 1.0172000003194626e-05
30 0.00021538900000450667 0.00010360500002093431
60 0.00019150400001421986 0.00010743499998966399
125 0.0005243680000148743 0.00012666699998931108
250 0.0013665099999968788 0.000428438000000142
500 0.005300035000004755 0.002980987000000823
1000 0.020997114000010697 0.02188789199999519
2000 0.08424157799998966 0.17346809500000404
4000 0.37277240299999903 1.448669241999994
8000 1.582407743999994 10.987847681000005
