2 0.03862127299998974 0.009235425999975178
4 0.0006267100000059145 0.0002670190000344519
8 0.0003122520000147233 0.00023024699999041331
15 0.000639470999999503 0.0003136160000281052
30 0.0005723219999822504 0.00027052299998331364
60 0.0017444650000015827 0.0007583089999911863
125 0.0012411320000182968 0.0009447839999552343
250 0.0028581530000337807 0.000408930999981294
500 0.011693833999970593 0.0006622200000379053
1000 0.06842926100000568 0.00215906199997562
2000 0.28999659999999494 0.03510496299998067
4000 1.5444571959999962 0.09413673799997468
8000 7.173379532000013 0.830002449999995
