2 0.0018473210000138351 0.038531152000018665
4 0.16902675099998987 0.00026753500003451336
8 0.0003492189999860784 0.00022648300000582822
15 0.00040401600000450344 0.00025799700000561643
30 0.00036927999997260486 0.0002591900000084024
60 0.00041674700003113685 0.00028568699997322256
125 0.0014566829999580477 0.0006392290000007961
250 0.0034585100000299462 0.0003995089999762058
500 0.009162451000008787 0.0006523419999666658
1000 0.04679704999995238 0.002107797999997274
2000 0.2660572350000052 0.022127394999984062
4000 1.5126717759999906 0.09438195400002769
8000 7.214305765999995 0.8253501899999947
