2 0.00043923499993070436 0.0004984729999932824
4 0.00026549500000783155 0.00028276699993057264
8 0.00030364799999915704 0.00028015800000957825
15 0.00039174799996999354 0.00029168900005061005
30 0.0006452069999340893 0.0002923040000268884
60 0.0013136889999714185 0.0003678159999935815
125 0.003233497999985957 0.0003727010000602604
250 0.009469400000057249 0.00037546700002621947
500 0.03530154999998558 0.0003263090000018565
1000 0.13551683599996522 0.000471309000090514
2000 0.5400039129999641 0.0008551500000066881
4000 2.1046501140000373 0.0019179729999905248
8000 8.343203519000099 0.0036333919999833597
16000 33.01671116500006 0.008448830999896018
