2 0.00104815999998209 0.022300755999935973
4 4.587800003719167e-05 0.0007543980000264128
8 4.0194999996856495e-05 0.0005664930000648383
15 7.072000005337031e-05 0.0022943029999851206
30 0.0001815690000057657 0.012246565000054943
60 0.0008759060000329555 0.0031922130000339166
125 0.002322329999969952 0.0019923889999517996
250 0.008559277000017573 0.025266646999966724
500 0.03402387500000259 0.004091209999955936
1000 0.12727746099994874 0.03369128700001056
2000 0.5253003829999443 0.1473280650000106
4000 2.0740974999999935 0.8799780800000008
8000 8.162309403999984 6.358071257999995
16000 32.612738939999986 44.06794662200002
