2 0.09662103400000888 0.0013586940000323011
4 3.185599996413657e-05 0.0002473380000083125
8 2.7682999984790513e-05 0.00020187899997381464
15 5.624999994324753e-05 0.0003221950000806828
30 0.00023116900001696195 0.0003652130000091347
60 0.0004274929999610322 0.0003459470000279907
125 0.0016845699999521457 0.0003760529999681239
250 0.00602522899998803 0.0008539639999298743
500 0.03604926399998476 0.003540294999993421
1000 0.17566985799999202 0.026434785999981614
2000 0.5991295989999799 0.1434092240000382
4000 2.1046944149999263 0.8294120400000793
8000 8.133106478000059 6.020872897999993
16000 32.5798430320001 41.95027271699996
