2 0.09374941099997613 0.0004155789999913395
4 1.9793000092249713e-05 8.686599994689459e-05
8 2.179299997351336e-05 6.800900007419841e-05
15 4.285699992578884e-05 0.0001835660000324424
30 0.00023526399991169455 0.0003728740000497055
60 0.0003953540000338762 0.000403724999955557
125 0.0016454150000981826 0.0003835159999425741
250 0.0061339979999956995 0.0008557520000067598
500 0.034681874999932916 0.003678003000004537
1000 0.12618569899996146 0.021109045999992304
2000 0.5359857329999613 0.14162569000006897
4000 2.084728685000073 0.8076088179999488
8000 8.125444078999976 6.037032860999943
16000 32.78495108000004 44.93478329499999
