2 0.0003132499998628191 0.00033207500018761493
4 0.00021884300008423452 0.000308643999915148
8 0.00026778699998430966 0.0002687209998839535
15 0.0003524559999732446 0.0002161400000204594
30 0.0005792519998522039 0.0002663830000528833
60 0.0011352860001352383 0.00027459700004328624
125 0.002944387000070492 0.00039559099991492985
250 0.009501654999894527 0.0003447630001573998
500 0.0356089530000645 0.00032538400000703405
1000 0.1359128149999833 0.0005082049999600713
2000 0.5399449270000787 0.000860434999822246
4000 2.112323864000018 0.0019352299998445233
8000 8.26817931100004 0.0034932209998714825
16000 33.19916456100009 0.00850788200000352
