2 0.0961755109999558 0.0029862999999750173
4 0.000625979999995252 0.0004770350000171675
8 0.00032847600004970445 0.0003130650000002788
15 0.00047699399999601155 0.0004220010000608454
30 0.0007176820000722728 0.00011368999992100726
60 0.0013289600000234714 0.0006398909999916214
125 0.0033010670000521714 0.0003418279999323204
250 0.009561382000015328 0.0004058980000536394
500 0.03553177200001301 0.000759107000021686
1000 0.1426721230000112 0.0008728440000140836
2000 0.5436939899999516 0.002663314000074024
4000 2.091835372999981 0.0017063650000181951
8000 8.251968711000018 0.003908344000024044
16000 32.9817900810001 0.008397228999911022
