2 0.0003141869999581104 0.0003336489999128389
4 0.00022311099996841222 0.00032559400005993666
8 0.00026169000011577737 0.0003011870001046191
15 0.0003551090001110424 0.0002387299998645176
30 0.0005750430000261986 0.00021291200005180144
60 0.0011232439999275812 0.00039824800001042604
125 0.002952067000023817 0.00039994999997361447
250 0.009605110999928002 0.0004164160000073025
500 0.03554753899993557 0.0003512929999942571
1000 0.13647369099999196 0.000511606999907599
2000 0.538767198999949 0.0008665899999868998
4000 2.124968373999991 0.0019989620000160357
8000 8.25924705500006 0.003577609000103621
16000 33.009528499 0.008357802000091397
