2 0.1354451820000122 0.000798309999936464
4 2.1842000023752917e-05 0.0002339029999802733
8 2.3476999899685325e-05 0.0003040170000758735
15 0.00015256999995472142 0.0003091470000526897
30 0.00025346500001433014 0.00025662000007287133
60 0.0005261589999463467 0.00025543399999605754
125 0.002122806999977911 0.0005639080000037211
250 0.006221127999992859 0.0010965980000037234
500 0.036740660999953434 0.004640600000016093
1000 0.16510146900009204 0.026145782999947187
2000 0.5749923909999097 0.14601593300005788
4000 2.1098920850000695 0.850175103999959
8000 8.183452654999996 6.0340000319999945
16000 32.76078844599999 42.596477102999984
