2 6.033280001247476e-05
3 2.5570600018909318e-05
10 2.228720004495699e-05
12 1.9725199990716646e-05
15 7.795300002726435e-05
20 3.765540004678769e-05
30 3.3540799995535055e-05
40 4.614200001924473e-05
45 7.910539993645216e-05
50 6.421920002139814e-05
55 6.262960005187779e-05
60 0.00010160340002585144
75 7.952860005389084e-05
100 0.00010302819996468315
125 0.00021644259991262515
160 0.00018035260004580777
200 0.0002587720000065019
250 0.0004131426000185456
350 0.0008684891999564571
500 0.002438789399957386
600 0.018964049600026556
800 0.007929005199912353
1000 0.017042566600002827
2000 0.09589815440003804
5000 1.2175481129999297
10000 9.078036496800042
