2 6.035079998127913e-05
3 6.07452000167541e-05
10 6.120999998984188e-05
12 5.0163499986410896e-05
15 5.3200599995761874e-05
20 8.820170000944927e-05
30 7.281479997800488e-05
40 0.00011860100000831153
45 0.00010541099998135905
50 0.00015892790001998948
55 0.0001366002999702687
60 0.00015159940001012727
75 0.00017805940003654542
100 0.0001869005999651563
125 0.0002401655999619834
160 0.0003050806000146622
200 0.0006619316000524122
250 0.0008926456999915899
350 0.001317203000007794
500 0.004032418999986476
600 0.004113573700055895
800 0.010247055199988609
1000 0.01823804680000194
2000 0.13345053539992477
