2 0.00017965479996746582
3 4.929759993501648e-05
10 5.100540001876652e-05
12 5.2056599997740705e-05
15 0.00016204640000978544
20 5.8048999926541e-05
30 5.931220002821647e-05
40 9.345480007141304e-05
45 0.0001066192000052979
50 0.00010976999997183156
55 0.00010869119992094057
60 9.528659993520704e-05
75 9.760119996826688e-05
100 0.0001244842000232893
125 0.00016831300004014338
160 0.00021376759996201146
200 0.0002868695999495685
250 0.0004128352000407176
350 0.0007811797999238479
500 0.0028744524000103413
600 0.0030368741999154737
800 0.005183552199923724
1000 0.011778364199972201
2000 0.08171402999996644
5000 0.9374308571999791
10000 5.769491642200046
