2 0.00010576459999356302
3 4.9504400044497744e-05
10 7.509710001158964e-05
12 4.9396100007470525e-05
15 5.477509998854657e-05
20 9.181490001992642e-05
30 6.804870001815288e-05
40 0.00010043340000720491
45 0.00011339520001456549
50 0.0001337828000259833
55 0.00010823409998010902
60 0.00011943349995817698
75 0.00015219189999697845
100 0.0001738469999963854
125 0.0002191517000483145
160 0.00038312570002290157
200 0.0006091196999932436
250 0.0008787119999851712
350 0.0009044836000157375
500 0.00419512369999211
600 0.003350486800013641
800 0.006880718799993702
1000 0.011937452999995912
2000 0.09012292989993967
