2 0.0002819365999130241
3 9.878680002657347e-05
10 0.00012796420005543042
12 0.00010799279998536803
15 0.0002785910000056901
20 9.607200004211336e-05
30 0.00010457560001668753
40 0.00014744380000593084
45 0.0002760033999948064
50 0.00017634400001043105
55 0.00020868759997938469
60 0.00018887799997173714
75 0.0002085894000629196
100 0.00022864100005790534
125 0.00030181499992067986
160 0.0003703589999986434
200 0.0004776022000442026
250 0.0006991809999817633
350 0.0013986410000143223
500 0.0032735663999574173
600 0.0252791765999973
800 0.009687820200042552
1000 0.018101948999992602
2000 0.11700096320000739
5000 1.3395062869999947
10000 7.744826097399937
