2 0.00036393540008248235
3 5.6294000023626724e-05
10 5.1471800043145775e-05
12 7.697440000811184e-05
15 0.00010104779998982849
20 6.338639996101847e-05
30 7.96541999989131e-05
40 0.00013845660000697536
45 0.00018336180005462666
50 0.0001429882000593352
55 0.00015458220000255096
60 0.00022002400000928902
75 0.0002782718000617024
100 0.00021122359994478755
125 0.0003820971999630274
160 0.0004261440000391303
200 0.0013766323999334419
250 0.001359779200038247
350 0.0031121695999445365
500 0.00809773219998533
600 0.014209796200020719
800 0.024072363400046017
1000 0.045492172800004484
2000 0.33801593620005405
5000 4.2380981663999595
10000 31.794540907600002
