2 5.272759997296816e-05
3 5.170340000404394e-05
10 5.007610004668095e-05
12 4.709239997282566e-05
15 5.0702899989119034e-05
20 0.0001100504000305591
30 5.930750000970875e-05
40 9.000970003398834e-05
45 0.00010923670006377507
50 0.00010801729997638177
55 0.00010280669998792291
60 0.00011052999998355517
75 0.00015252119999331626
100 0.00016814629998407327
125 0.0001886128999558423
160 0.0002504655000166167
200 0.0009039086000029783
250 0.000632403700069517
350 0.0008912468999824341
500 0.0025389258000359403
600 0.002801552300002186
800 0.018778082900030312
1000 0.012259095099966543
2000 0.09032941649998065
