2 0.000228153799980646
3 7.816659995114605e-05
10 6.102619995544956e-05
12 7.20276000265585e-05
15 0.00018248299998049333
20 5.8842599946729025e-05
30 6.61976000174036e-05
40 8.553619995836925e-05
45 0.00016693660004420962
50 0.00010939839999082323
55 0.0001477524000165431
60 0.00010701159999371157
75 0.00011748219994842657
100 0.0001410914000189223
125 0.00017879260003610397
160 0.00022746119998373615
200 0.00030299680001917296
250 0.0004319744000440551
350 0.0008140557999922748
500 0.002071739599978173
600 0.0034952551999595017
800 0.006682143199986968
1000 0.012411700800021208
2000 0.07902833540001666
5000 0.9949356064000312
10000 5.99605883940003
