2 0.0002571127999772216
3 6.240499997147708e-05
10 7.591950000005455e-05
12 5.488519996106333e-05
15 6.74052999329433e-05
20 8.553510006095166e-05
30 7.762400002775394e-05
40 0.0001127571000097305
45 0.0001228785999956017
50 0.0001604917999884492
55 0.0001430647000006502
60 0.00014631369999733578
75 0.00019796259998656752
100 0.00020736800004215184
125 0.0003146889000163355
160 0.0003745636999610724
200 0.0007572170999537775
250 0.0007740396999906807
350 0.0014039866000075563
500 0.0033717431999775727
600 0.004388270899994495
800 0.01154227410004296
1000 0.021063151100042886
2000 0.13394615549993888
