2 0.013829032999638002 0.16343893500015838
4 3.367499994055834e-05 0.0037237010001263116
8 4.526700013229856e-05 0.00015713699940533843
15 0.0014207619997250731 0.0019456070003798231
30 0.00022928199996385956 0.0026993670007868786
60 0.0013672770000994205 0.0005686610002157977
125 0.0016660940000292612 0.002471488999617577
250 0.009900123999614152 0.0039520600003015716
500 0.03692346899970289 0.012472071999582113
1000 0.1793855119994987 0.04928205699980026
2000 0.595536338999409 0.35780039300061617
4000 2.242735023000023 2.454538503000549
8000 8.866842970999642 17.865819429000112
16000 33.015000479000264 134.30858512099985
