2 0.013309883000147238 0.13900766799997655
4 3.817000015260419e-05 0.0007919059999039746
8 4.0905000787461177e-05 0.0023527549992650165
15 0.0006771289999960572 0.0021513010005946853
30 0.0016135559999383986 0.004519916999925044
60 0.0006029959995430545 0.0003145260006931494
125 0.002022807000685134 0.002498909999303578
250 0.008312863999890396 0.013321286000063992
500 0.03649612600020191 0.021615813000607886
1000 0.17236932500054536 0.08056501499959268
2000 0.6048632229994837 0.3402607240004727
4000 2.220308006999403 2.5703520600000047
8000 8.308236747999217 16.06446459400013
16000 33.20045551200019 133.8827626709999
