2 1.7241000023204833e-05 9.293000039178878e-05
4 1.3722000403504353e-05 2.864700036298018e-05
8 2.1396999727585353e-05 2.5672999981907196e-05
15 6.864799979666714e-05 4.554899987851968e-05
30 0.00021065199962322367 0.00015731500025140122
60 0.0007022739991953131 0.0005289720002110698
125 0.0024087209994831937 0.0007155530001909938
250 0.007529466000050888 0.0020639489994209725
500 0.0504038720000608 0.013822494999658375
1000 0.18088304600041738 0.05825596700015012
2000 0.5716075899999851 0.37930106700059696
4000 2.147577828000067 2.604579113
8000 8.341383187000247 16.655628258000434
16000 33.2656646939995 145.84277772600035
