2 0.014466988000094716 0.14629797900033736
4 3.2996000300045125e-05 0.00011736499982362147
8 2.739000046858564e-05 0.0007751809998808312
15 0.0015803329997652327 0.002138050000212388
30 0.00028272700001252815 0.003635246999692754
60 0.0009406790004504728 0.0014340879997689626
125 0.0023668149997320143 0.001023172000714112
250 0.0072521150004831725 0.0040800380002110614
500 0.03834774400002061 0.014355243999489176
1000 0.16123449699989578 0.051431632000458194
2000 0.5934540749994994 0.35222077599974
4000 2.3188749410001037 2.365691054999843
8000 8.300704592999864 16.632094694999978
16000 33.219763934000184 173.59094264800024
