2 0.13866148799979783 0.023514884000178427
4 0.0005904690001443669 0.0005683270001100027
8 0.0004093770003237296 0.0018715989999691374
15 0.00043487699986144435 0.0004478200003177335
30 0.0006795760000386508 0.0004544240000541322
60 0.0015183679997790023 0.0004723960000774241
125 0.003609523000250192 0.0004265409997969982
250 0.01143569199984995 0.0005543340002986952
500 0.03838528500000393 0.0018033430001196393
1000 0.1481231430002481 0.0036700460000247404
2000 0.5733112100001563 0.003331008999793994
4000 2.19764701000031 0.001911483999720076
8000 9.046221437999975 0.004191019000245433
16000 33.60880397600022 0.009098100999835879
