2 0.0003440039999986766 0.0006160170000839571
4 0.0002562479999141942 0.0002484410001670767
8 0.00028467699985412764 0.0003293180002401641
15 0.0004075400001966045 0.00038280699982351507
30 0.0006667610000476998 0.0002944899997601169
60 0.0013226959999883547 0.0003935540003112692
125 0.0033756769998944947 0.00037030200019216863
250 0.009618820000014239 0.0005124770000293211
500 0.035934515000008105 0.000354179000169097
1000 0.13108461100000568 0.0005338070000107109
2000 0.531029105000016 0.0009564920001139399
4000 2.156417651999618 0.0018745400002444512
8000 8.522725156999968 0.0036241220000192698
16000 32.9923906869999 0.009074336000139738
