2 0.0003169470001012087 0.0006394750002982619
4 0.00040037900043898844 0.000570149999930436
8 0.00035378099983063294 0.000330704000134574
15 0.0003536959998200473 0.00025324299986095866
30 0.0005661209997924743 0.0004083940002601594
60 0.001147671000126138 0.000347204999798123
125 0.0029658930002369743 0.000435714000104781
250 0.009954501000265736 0.00025534899987178505
500 0.035765934999744786 0.0003017439998984628
1000 0.14587373299991668 0.000521025000125519
2000 0.5841495610002312 0.0009455290000914829
4000 2.2988273500000105 0.0020193720001771
8000 8.473155239000334 0.0036491969999588036
16000 33.044967447999625 0.008544984000309341
