2 0.0004160839998803567 0.0005750720001742593
4 0.00033027199970092624 0.00046787500014033867
8 0.00037648300030923565 0.0005204059998504817
15 0.000500783000006777 0.00027011800011678133
30 0.0006609619999835559 0.0004760679998980777
60 0.0013204080000832619 0.00040434299990010913
125 0.0036051749998478044 0.0005266269999992801
250 0.00908511300031023 0.0003168579996781773
500 0.033537034000346466 0.0003243159999328782
1000 0.13897982199978287 0.0006799650000175461
2000 0.5330217539999467 0.0009513479999441188
4000 2.3001329759999862 0.0022997050000412855
8000 8.806282435999947 0.0036065079998479632
16000 34.21339572499983 0.00914029900013702
